0 => 3 7 8 0 1 0 0 0 0 0 
1 => 6 5 7 0 1 0 0 0 0 0 
2 => 5 8 4 1 1 0 0 0 0 0 
3 => 5 8 4 1 1 0 0 0 0 0 
4 => 6 7 3 2 1 0 0 0 0 0 
5 => 4 9 3 0 3 0 0 0 0 0 
6 => 6 7 3 2 1 0 0 0 0 0 
7 => 7 6 3 2 1 0 0 0 0 0 
8 => 7 6 3 2 1 0 0 0 0 0 
9 => 9 4 2 3 1 0 0 0 0 0 
10 => 7 6 3 0 3 0 0 0 0 0 
11 => 5 8 3 2 1 0 0 0 0 0 
12 => 7 6 3 2 1 0 0 0 0 0 
13 => 6 7 3 0 3 0 0 0 0 0 
14 => 5 8 3 2 1 0 0 0 0 0 
15 => 7 6 3 2 1 0 0 0 0 0 
16 => 6 7 3 0 3 0 0 0 0 0 
17 => 6 7 3 2 1 0 0 0 0 0 
18 => 7 4 5 0 3 0 0 0 0 0 
19 => 4 7 3 2 3 0 0 0 0 0 
20 => 4 6 7 2 0 0 0 0 0 0 
21 => 5 7 5 2 0 0 0 0 0 0 
22 => 6 6 4 3 0 0 0 0 0 0 
23 => 8 5 4 2 0 0 0 0 0 0 
24 => 6 8 4 1 0 0 0 0 0 0 
25 => 5 8 3 3 0 0 0 0 0 0 
26 => 7 8 1 3 0 0 0 0 0 0 
27 => 7 7 3 2 0 0 0 0 0 0 
28 => 5 8 4 1 1 0 0 0 0 0 
29 => 5 6 7 1 0 0 0 0 0 0 
30 => 8 4 6 1 0 0 0 0 0 0 
31 => 7 6 5 1 0 0 0 0 0 0 
32 => 7 7 3 2 0 0 0 0 0 0 
33 => 8 5 4 2 0 0 0 0 0 0 
34 => 6 7 3 2 1 0 0 0 0 0 
35 => 6 6 4 3 0 0 0 0 0 0 
36 => 8 5 4 2 0 0 0 0 0 0 
37 => 7 7 3 2 0 0 0 0 0 0 
38 => 7 4 6 2 0 0 0 0 0 0 
39 => 9 4 4 2 0 0 0 0 0 0 
40 => 9 5 2 3 0 0 0 0 0 0 
41 => 7 6 3 2 1 0 0 0 0 0 
42 => 8 6 2 3 0 0 0 0 0 0 
43 => 9 4 3 3 0 0 0 0 0 0 
44 => 9 5 2 3 0 0 0 0 0 0 
45 => 11 2 2 4 0 0 0 0 0 0 
46 => 9 4 2 3 1 0 0 0 0 0 
47 => 6 7 4 2 0 0 0 0 0 0 
48 => 8 5 4 2 0 0 0 0 0 0 
49 => 7 6 3 2 1 0 0 0 0 0 
50 => 5 6 5 3 0 0 0 0 0 0 
51 => 7 6 3 3 0 0 0 0 0 0 
52 => 7 7 1 4 0 0 0 0 0 0 
53 => 6 6 4 2 1 0 0 0 0 0 
54 => 7 7 2 2 1 0 0 0 0 0 
55 => 9 4 3 3 0 0 0 0 0 0 
56 => 8 5 2 3 1 0 0 0 0 0 
57 => 7 6 4 2 0 0 0 0 0 0 
58 => 8 3 5 2 1 0 0 0 0 0 
59 => 5 5 5 3 1 0 0 0 0 0 
60 => 4 6 7 2 0 0 0 0 0 0 
61 => 6 6 4 3 0 0 0 0 0 0 
62 => 5 8 3 3 0 0 0 0 0 0 
63 => 5 7 5 2 0 0 0 0 0 0 
64 => 8 5 4 2 0 0 0 0 0 0 
65 => 7 8 1 3 0 0 0 0 0 0 
66 => 6 8 4 1 0 0 0 0 0 0 
67 => 7 7 3 2 0 0 0 0 0 0 
68 => 5 8 4 1 1 0 0 0 0 0 
69 => 6 6 4 3 0 0 0 0 0 0 
70 => 7 4 6 2 0 0 0 0 0 0 
71 => 5 6 5 3 0 0 0 0 0 0 
72 => 8 5 4 2 0 0 0 0 0 0 
73 => 9 4 4 2 0 0 0 0 0 0 
74 => 7 7 3 2 0 0 0 0 0 0 
75 => 9 5 2 3 0 0 0 0 0 0 
76 => 7 6 3 2 1 0 0 0 0 0 
77 => 7 6 3 3 0 0 0 0 0 0 
78 => 7 7 1 4 0 0 0 0 0 0 
79 => 6 6 4 2 1 0 0 0 0 0 
80 => 5 5 8 0 1 0 0 0 0 0 
81 => 6 6 5 2 0 0 0 0 0 0 
82 => 6 7 3 2 1 0 0 0 0 0 
83 => 8 6 2 3 0 0 0 0 0 0 
84 => 6 8 4 1 0 0 0 0 0 0 
85 => 6 5 7 1 0 0 0 0 0 0 
86 => 8 5 4 2 0 0 0 0 0 0 
87 => 7 6 5 1 0 0 0 0 0 0 
88 => 6 6 5 2 0 0 0 0 0 0 
89 => 7 7 3 2 0 0 0 0 0 0 
90 => 8 6 2 3 0 0 0 0 0 0 
91 => 10 5 2 2 0 0 0 0 0 0 
92 => 8 8 2 1 0 0 0 0 0 0 
93 => 6 8 4 1 0 0 0 0 0 0 
94 => 8 8 2 1 0 0 0 0 0 0 
95 => 8 7 4 0 0 0 0 0 0 0 
96 => 6 7 6 0 0 0 0 0 0 0 
97 => 7 6 5 1 0 0 0 0 0 0 
98 => 10 4 4 1 0 0 0 0 0 0 
99 => 9 6 3 1 0 0 0 0 0 0 
100 => 8 7 4 0 0 0 0 0 0 0 
101 => 9 5 5 0 0 0 0 0 0 0 
102 => 7 6 5 1 0 0 0 0 0 0 
103 => 6 5 7 0 1 0 0 0 0 0 
104 => 8 4 6 1 0 0 0 0 0 0 
105 => 7 5 7 0 0 0 0 0 0 0 
106 => 8 5 4 2 0 0 0 0 0 0 
107 => 9 2 7 1 0 0 0 0 0 0 
108 => 6 5 7 1 0 0 0 0 0 0 
109 => 8 4 6 1 0 0 0 0 0 0 
110 => 10 3 6 0 0 0 0 0 0 0 
111 => 9 5 5 0 0 0 0 0 0 0 
112 => 7 5 7 0 0 0 0 0 0 0 
113 => 9 5 5 0 0 0 0 0 0 0 
114 => 9 6 3 1 0 0 0 0 0 0 
115 => 7 6 5 1 0 0 0 0 0 0 
116 => 10 4 4 1 0 0 0 0 0 0 
117 => 11 2 5 1 0 0 0 0 0 0 
118 => 9 6 3 1 0 0 0 0 0 0 
119 => 11 3 3 2 0 0 0 0 0 0 
120 => 9 4 3 3 0 0 0 0 0 0 
121 => 8 5 5 1 0 0 0 0 0 0 
122 => 8 6 3 2 0 0 0 0 0 0 
123 => 7 5 5 2 0 0 0 0 0 0 
124 => 5 6 7 1 0 0 0 0 0 0 
125 => 8 4 6 1 0 0 0 0 0 0 
126 => 7 7 3 2 0 0 0 0 0 0 
127 => 7 6 5 1 0 0 0 0 0 0 
128 => 8 5 4 2 0 0 0 0 0 0 
129 => 6 7 3 2 1 0 0 0 0 0 
130 => 8 6 2 3 0 0 0 0 0 0 
131 => 9 5 2 3 0 0 0 0 0 0 
132 => 9 4 3 3 0 0 0 0 0 0 
133 => 11 2 2 4 0 0 0 0 0 0 
134 => 9 4 2 3 1 0 0 0 0 0 
135 => 7 7 2 2 1 0 0 0 0 0 
136 => 9 4 3 3 0 0 0 0 0 0 
137 => 8 5 2 3 1 0 0 0 0 0 
138 => 6 7 4 2 0 0 0 0 0 0 
139 => 8 5 4 2 0 0 0 0 0 0 
140 => 7 6 3 2 1 0 0 0 0 0 
141 => 7 6 4 2 0 0 0 0 0 0 
142 => 8 3 5 2 1 0 0 0 0 0 
143 => 5 5 5 3 1 0 0 0 0 0 
144 => 6 5 7 1 0 0 0 0 0 0 
145 => 7 6 5 1 0 0 0 0 0 0 
146 => 8 5 4 2 0 0 0 0 0 0 
147 => 10 4 4 1 0 0 0 0 0 0 
148 => 8 7 4 0 0 0 0 0 0 0 
149 => 7 6 5 1 0 0 0 0 0 0 
150 => 9 6 3 1 0 0 0 0 0 0 
151 => 9 5 5 0 0 0 0 0 0 0 
152 => 7 6 5 1 0 0 0 0 0 0 
153 => 7 5 7 0 0 0 0 0 0 0 
154 => 10 3 6 0 0 0 0 0 0 0 
155 => 9 5 5 0 0 0 0 0 0 0 
156 => 9 5 5 0 0 0 0 0 0 0 
157 => 10 3 6 0 0 0 0 0 0 0 
158 => 8 5 4 2 0 0 0 0 0 0 
159 => 8 5 4 2 0 0 0 0 0 0 
160 => 10 4 4 1 0 0 0 0 0 0 
161 => 9 6 3 1 0 0 0 0 0 0 
162 => 9 2 7 1 0 0 0 0 0 0 
163 => 11 2 5 1 0 0 0 0 0 0 
164 => 11 3 3 2 0 0 0 0 0 0 
165 => 9 4 3 3 0 0 0 0 0 0 
166 => 10 5 2 2 0 0 0 0 0 0 
167 => 11 3 3 2 0 0 0 0 0 0 
168 => 11 3 3 2 0 0 0 0 0 0 
169 => 13 0 3 3 0 0 0 0 0 0 
170 => 11 2 2 4 0 0 0 0 0 0 
171 => 8 6 4 0 1 0 0 0 0 0 
172 => 10 3 5 1 0 0 0 0 0 0 
173 => 9 4 3 3 0 0 0 0 0 0 
174 => 6 5 7 1 0 0 0 0 0 0 
175 => 8 5 5 1 0 0 0 0 0 0 
176 => 8 6 3 2 0 0 0 0 0 0 
177 => 7 5 5 2 0 0 0 0 0 0 
178 => 8 6 4 0 1 0 0 0 0 0 
179 => 10 3 5 1 0 0 0 0 0 0 
180 => 9 4 3 3 0 0 0 0 0 0 
181 => 8 5 6 0 0 0 0 0 0 0 
182 => 9 2 6 2 0 0 0 0 0 0 
183 => 6 3 8 2 0 0 0 0 0 0 
184 => 2 5 8 4 0 0 0 0 0 0 
185 => 5 4 6 4 0 0 0 0 0 0 
186 => 4 7 6 2 0 0 0 0 0 0 
187 => 5 6 5 3 0 0 0 0 0 0 
188 => 6 5 7 1 0 0 0 0 0 0 
189 => 4 8 6 1 0 0 0 0 0 0 
190 => 4 6 7 2 0 0 0 0 0 0 
191 => 5 7 5 2 0 0 0 0 0 0 
192 => 5 6 7 1 0 0 0 0 0 0 
193 => 3 7 8 0 1 0 0 0 0 0 
194 => 5 6 5 3 0 0 0 0 0 0 
195 => 6 5 7 1 0 0 0 0 0 0 
196 => 7 4 6 2 0 0 0 0 0 0 
197 => 9 2 7 1 0 0 0 0 0 0 
198 => 7 5 7 0 0 0 0 0 0 0 
199 => 6 6 4 3 0 0 0 0 0 0 
200 => 8 5 4 2 0 0 0 0 0 0 
201 => 8 4 6 1 0 0 0 0 0 0 
202 => 6 5 7 0 1 0 0 0 0 0 
203 => 4 8 6 1 0 0 0 0 0 0 
204 => 7 5 7 0 0 0 0 0 0 0 
205 => 6 7 6 0 0 0 0 0 0 0 
206 => 6 8 4 1 0 0 0 0 0 0 
207 => 7 6 5 1 0 0 0 0 0 0 
208 => 5 8 4 1 1 0 0 0 0 0 
209 => 5 8 3 3 0 0 0 0 0 0 
210 => 7 6 5 1 0 0 0 0 0 0 
211 => 6 8 4 1 0 0 0 0 0 0 
212 => 6 6 4 3 0 0 0 0 0 0 
213 => 8 5 4 2 0 0 0 0 0 0 
214 => 8 6 2 3 0 0 0 0 0 0 
215 => 6 7 3 2 1 0 0 0 0 0 
216 => 6 8 4 1 0 0 0 0 0 0 
217 => 7 6 5 1 0 0 0 0 0 0 
218 => 7 7 3 2 0 0 0 0 0 0 
219 => 9 4 3 3 0 0 0 0 0 0 
220 => 7 6 3 2 1 0 0 0 0 0 
221 => 4 9 5 0 1 0 0 0 0 0 
222 => 6 7 4 2 0 0 0 0 0 0 
223 => 5 8 3 2 1 0 0 0 0 0 
224 => 4 6 7 2 0 0 0 0 0 0 
225 => 6 5 7 1 0 0 0 0 0 0 
226 => 6 6 5 2 0 0 0 0 0 0 
227 => 5 5 8 0 1 0 0 0 0 0 
228 => 5 8 4 2 0 0 0 0 0 0 
229 => 7 5 5 2 0 0 0 0 0 0 
230 => 6 6 4 2 1 0 0 0 0 0 
231 => 5 7 6 1 0 0 0 0 0 0 
232 => 6 4 7 1 1 0 0 0 0 0 
233 => 3 6 7 2 1 0 0 0 0 0 
234 => 3 6 7 2 1 0 0 0 0 0 
235 => 6 4 7 1 1 0 0 0 0 0 
236 => 5 7 6 1 0 0 0 0 0 0 
237 => 5 8 3 2 1 0 0 0 0 0 
238 => 6 7 4 2 0 0 0 0 0 0 
239 => 4 9 5 0 1 0 0 0 0 0 
240 => 4 6 6 3 0 0 0 0 0 0 
241 => 7 5 4 3 0 0 0 0 0 0 
242 => 6 8 4 1 0 0 0 0 0 0 
243 => 7 7 2 2 1 0 0 0 0 0 
244 => 8 6 4 0 1 0 0 0 0 0 
245 => 6 9 3 0 1 0 0 0 0 0 
246 => 5 8 4 2 0 0 0 0 0 0 
247 => 6 9 2 2 0 0 0 0 0 0 
248 => 6 8 4 1 0 0 0 0 0 0 
249 => 4 8 6 1 0 0 0 0 0 0 
250 => 6 6 4 2 1 0 0 0 0 0 
251 => 7 5 5 2 0 0 0 0 0 0 
252 => 7 6 3 2 1 0 0 0 0 0 
253 => 9 4 3 3 0 0 0 0 0 0 
254 => 7 6 5 1 0 0 0 0 0 0 
255 => 5 8 4 2 0 0 0 0 0 0 
256 => 7 7 3 2 0 0 0 0 0 0 
257 => 6 8 4 1 0 0 0 0 0 0 
258 => 7 7 1 4 0 0 0 0 0 0 
259 => 8 6 3 2 0 0 0 0 0 0 
260 => 9 5 2 3 0 0 0 0 0 0 
261 => 11 3 3 2 0 0 0 0 0 0 
262 => 9 6 3 1 0 0 0 0 0 0 
263 => 7 7 3 2 0 0 0 0 0 0 
264 => 9 6 3 1 0 0 0 0 0 0 
265 => 9 5 5 0 0 0 0 0 0 0 
266 => 7 5 7 0 0 0 0 0 0 0 
267 => 6 9 2 2 0 0 0 0 0 0 
268 => 9 6 3 1 0 0 0 0 0 0 
269 => 8 8 2 1 0 0 0 0 0 0 
270 => 7 9 3 0 0 0 0 0 0 0 
271 => 8 7 4 0 0 0 0 0 0 0 
272 => 6 8 4 1 0 0 0 0 0 0 
273 => 5 8 4 1 1 0 0 0 0 0 
274 => 7 6 5 1 0 0 0 0 0 0 
275 => 6 7 6 0 0 0 0 0 0 0 
276 => 6 8 4 1 0 0 0 0 0 0 
277 => 7 5 7 0 0 0 0 0 0 0 
278 => 4 8 6 1 0 0 0 0 0 0 
279 => 7 7 3 2 0 0 0 0 0 0 
280 => 9 5 5 0 0 0 0 0 0 0 
281 => 8 7 4 0 0 0 0 0 0 0 
282 => 6 8 4 1 0 0 0 0 0 0 
283 => 8 7 4 0 0 0 0 0 0 0 
284 => 8 8 2 1 0 0 0 0 0 0 
285 => 6 8 4 1 0 0 0 0 0 0 
286 => 8 7 4 0 0 0 0 0 0 0 
287 => 9 5 5 0 0 0 0 0 0 0 
288 => 7 9 3 0 0 0 0 0 0 0 
289 => 9 6 3 1 0 0 0 0 0 0 
290 => 7 7 3 2 0 0 0 0 0 0 
291 => 6 8 4 1 0 0 0 0 0 0 
292 => 6 9 2 2 0 0 0 0 0 0 
293 => 5 8 4 2 0 0 0 0 0 0 
294 => 4 5 6 4 0 0 0 0 0 0 
295 => 7 4 4 4 0 0 0 0 0 0 
296 => 6 7 4 2 0 0 0 0 0 0 
297 => 7 6 3 3 0 0 0 0 0 0 
298 => 8 5 5 1 0 0 0 0 0 0 
299 => 6 8 4 1 0 0 0 0 0 0 
300 => 6 5 7 1 0 0 0 0 0 0 
301 => 7 6 5 1 0 0 0 0 0 0 
302 => 7 5 7 0 0 0 0 0 0 0 
303 => 5 6 7 1 0 0 0 0 0 0 
304 => 7 6 3 3 0 0 0 0 0 0 
305 => 8 5 5 1 0 0 0 0 0 0 
306 => 9 4 4 2 0 0 0 0 0 0 
307 => 11 2 5 1 0 0 0 0 0 0 
308 => 9 5 5 0 0 0 0 0 0 0 
309 => 8 5 4 2 0 0 0 0 0 0 
310 => 10 4 4 1 0 0 0 0 0 0 
311 => 10 3 6 0 0 0 0 0 0 0 
312 => 8 4 6 1 0 0 0 0 0 0 
313 => 6 8 4 1 0 0 0 0 0 0 
314 => 9 5 5 0 0 0 0 0 0 0 
315 => 8 7 4 0 0 0 0 0 0 0 
316 => 8 7 4 0 0 0 0 0 0 0 
317 => 9 5 5 0 0 0 0 0 0 0 
318 => 7 7 3 2 0 0 0 0 0 0 
319 => 7 8 1 3 0 0 0 0 0 0 
320 => 9 6 3 1 0 0 0 0 0 0 
321 => 8 8 2 1 0 0 0 0 0 0 
322 => 8 5 4 2 0 0 0 0 0 0 
323 => 10 4 4 1 0 0 0 0 0 0 
324 => 10 5 2 2 0 0 0 0 0 0 
325 => 8 6 2 3 0 0 0 0 0 0 
326 => 8 8 2 1 0 0 0 0 0 0 
327 => 9 6 3 1 0 0 0 0 0 0 
328 => 9 6 3 1 0 0 0 0 0 0 
329 => 11 3 3 2 0 0 0 0 0 0 
330 => 9 5 2 3 0 0 0 0 0 0 
331 => 6 9 3 0 1 0 0 0 0 0 
332 => 8 6 4 0 1 0 0 0 0 0 
333 => 7 7 2 2 1 0 0 0 0 0 
334 => 5 7 5 2 0 0 0 0 0 0 
335 => 7 6 5 1 0 0 0 0 0 0 
336 => 7 7 3 2 0 0 0 0 0 0 
337 => 6 6 5 2 0 0 0 0 0 0 
338 => 6 9 2 2 0 0 0 0 0 0 
339 => 8 6 3 2 0 0 0 0 0 0 
340 => 7 7 1 4 0 0 0 0 0 0 
341 => 6 8 4 1 0 0 0 0 0 0 
342 => 7 5 4 3 0 0 0 0 0 0 
343 => 4 6 6 3 0 0 0 0 0 0 
344 => 5 5 8 0 1 0 0 0 0 0 
345 => 6 6 4 2 1 0 0 0 0 0 
346 => 6 6 4 2 1 0 0 0 0 0 
347 => 8 5 2 3 1 0 0 0 0 0 
348 => 6 7 3 0 3 0 0 0 0 0 
349 => 6 4 7 1 1 0 0 0 0 0 
350 => 8 3 5 2 1 0 0 0 0 0 
351 => 7 4 5 0 3 0 0 0 0 0 
352 => 6 4 7 1 1 0 0 0 0 0 
353 => 8 3 5 2 1 0 0 0 0 0 
354 => 7 4 5 0 3 0 0 0 0 0 
355 => 8 3 4 3 1 0 0 0 0 0 
356 => 9 0 6 1 3 0 0 0 0 0 
357 => 6 3 5 2 3 0 0 0 0 0 
358 => 4 6 7 2 0 0 0 0 0 0 
359 => 6 5 7 1 0 0 0 0 0 0 
360 => 5 8 4 2 0 0 0 0 0 0 
361 => 5 6 5 3 0 0 0 0 0 0 
362 => 7 6 3 3 0 0 0 0 0 0 
363 => 7 7 2 2 1 0 0 0 0 0 
364 => 5 8 3 2 1 0 0 0 0 0 
365 => 6 6 5 2 0 0 0 0 0 0 
366 => 7 5 5 2 0 0 0 0 0 0 
367 => 7 7 1 4 0 0 0 0 0 0 
368 => 9 4 3 3 0 0 0 0 0 0 
369 => 7 6 3 2 1 0 0 0 0 0 
370 => 5 7 6 1 0 0 0 0 0 0 
371 => 7 6 4 2 0 0 0 0 0 0 
372 => 6 7 3 2 1 0 0 0 0 0 
373 => 5 4 6 4 0 0 0 0 0 0 
374 => 7 4 4 4 0 0 0 0 0 0 
375 => 7 5 4 3 0 0 0 0 0 0 
376 => 6 4 7 1 1 0 0 0 0 0 
377 => 7 5 4 3 0 0 0 0 0 0 
378 => 9 2 6 2 0 0 0 0 0 0 
379 => 8 3 5 2 1 0 0 0 0 0 
380 => 7 6 3 3 0 0 0 0 0 0 
381 => 8 3 4 3 1 0 0 0 0 0 
382 => 5 5 4 4 1 0 0 0 0 0 
383 => 3 6 7 2 1 0 0 0 0 0 
384 => 5 5 5 3 1 0 0 0 0 0 
385 => 4 7 3 2 3 0 0 0 0 0 
386 => 5 5 4 4 1 0 0 0 0 0 
387 => 6 3 5 2 3 0 0 0 0 0 
388 => 4 5 3 4 3 0 0 0 0 0 
389 => 3 6 7 2 1 0 0 0 0 0 
390 => 5 5 5 3 1 0 0 0 0 0 
391 => 4 7 3 2 3 0 0 0 0 0 
392 => 5 5 4 4 1 0 0 0 0 0 
393 => 6 3 5 2 3 0 0 0 0 0 
394 => 4 5 3 4 3 0 0 0 0 0 
395 => 2 5 8 4 0 0 0 0 0 0 
396 => 4 5 6 4 0 0 0 0 0 0 
397 => 4 6 6 3 0 0 0 0 0 0 
398 => 3 6 7 2 1 0 0 0 0 0 
399 => 4 6 6 3 0 0 0 0 0 0 
400 => 6 3 8 2 0 0 0 0 0 0 
401 => 5 5 5 3 1 0 0 0 0 0 
402 => 4 7 5 3 0 0 0 0 0 0 
403 => 5 5 4 4 1 0 0 0 0 0 
404 => 3 5 6 4 1 0 0 0 0 0 
405 => 3 5 6 4 1 0 0 0 0 0 
406 => 4 5 3 4 3 0 0 0 0 0 
407 => 4 3 3 6 3 0 0 0 0 0 
408 => 1 3 6 6 3 0 0 0 0 0 
409 => 4 6 7 2 0 0 0 0 0 0 
410 => 5 6 5 3 0 0 0 0 0 0 
411 => 5 4 6 4 0 0 0 0 0 0 
412 => 6 5 7 1 0 0 0 0 0 0 
413 => 7 6 3 3 0 0 0 0 0 0 
414 => 5 8 4 2 0 0 0 0 0 0 
415 => 7 7 2 2 1 0 0 0 0 0 
416 => 5 8 3 2 1 0 0 0 0 0 
417 => 7 4 4 4 0 0 0 0 0 0 
418 => 7 5 4 3 0 0 0 0 0 0 
419 => 6 4 7 1 1 0 0 0 0 0 
420 => 3 7 8 0 1 0 0 0 0 0 
421 => 5 6 7 1 0 0 0 0 0 0 
422 => 4 8 6 1 0 0 0 0 0 0 
423 => 5 7 5 2 0 0 0 0 0 0 
424 => 6 5 7 1 0 0 0 0 0 0 
425 => 4 7 6 2 0 0 0 0 0 0 
426 => 5 6 7 1 0 0 0 0 0 0 
427 => 7 5 7 0 0 0 0 0 0 0 
428 => 6 8 4 1 0 0 0 0 0 0 
429 => 4 8 6 1 0 0 0 0 0 0 
430 => 6 8 4 1 0 0 0 0 0 0 
431 => 6 9 3 0 1 0 0 0 0 0 
432 => 4 9 5 0 1 0 0 0 0 0 
433 => 7 6 5 1 0 0 0 0 0 0 
434 => 8 5 5 1 0 0 0 0 0 0 
435 => 6 9 2 2 0 0 0 0 0 0 
436 => 8 6 4 0 1 0 0 0 0 0 
437 => 6 7 4 2 0 0 0 0 0 0 
438 => 6 7 4 2 0 0 0 0 0 0 
439 => 6 8 4 1 0 0 0 0 0 0 
440 => 5 7 6 1 0 0 0 0 0 0 
441 => 2 5 8 4 0 0 0 0 0 0 
442 => 4 5 6 4 0 0 0 0 0 0 
443 => 4 6 6 3 0 0 0 0 0 0 
444 => 3 6 7 2 1 0 0 0 0 0 
445 => 6 6 5 2 0 0 0 0 0 0 
446 => 7 7 1 4 0 0 0 0 0 0 
447 => 7 5 5 2 0 0 0 0 0 0 
448 => 9 4 3 3 0 0 0 0 0 0 
449 => 7 6 3 2 1 0 0 0 0 0 
450 => 7 5 4 3 0 0 0 0 0 0 
451 => 9 2 6 2 0 0 0 0 0 0 
452 => 8 3 5 2 1 0 0 0 0 0 
453 => 5 7 6 1 0 0 0 0 0 0 
454 => 7 6 4 2 0 0 0 0 0 0 
455 => 6 7 3 2 1 0 0 0 0 0 
456 => 7 6 3 3 0 0 0 0 0 0 
457 => 8 3 4 3 1 0 0 0 0 0 
458 => 5 5 4 4 1 0 0 0 0 0 
459 => 5 7 5 2 0 0 0 0 0 0 
460 => 7 6 5 1 0 0 0 0 0 0 
461 => 6 9 2 2 0 0 0 0 0 0 
462 => 6 5 7 1 0 0 0 0 0 0 
463 => 8 5 5 1 0 0 0 0 0 0 
464 => 8 6 4 0 1 0 0 0 0 0 
465 => 6 7 4 2 0 0 0 0 0 0 
466 => 7 7 3 2 0 0 0 0 0 0 
467 => 8 6 3 2 0 0 0 0 0 0 
468 => 8 6 3 2 0 0 0 0 0 0 
469 => 10 3 5 1 0 0 0 0 0 0 
470 => 8 5 4 2 0 0 0 0 0 0 
471 => 6 8 4 1 0 0 0 0 0 0 
472 => 8 5 6 0 0 0 0 0 0 0 
473 => 7 6 4 2 0 0 0 0 0 0 
474 => 4 7 6 2 0 0 0 0 0 0 
475 => 6 7 4 2 0 0 0 0 0 0 
476 => 6 8 4 1 0 0 0 0 0 0 
477 => 5 7 6 1 0 0 0 0 0 0 
478 => 6 8 4 1 0 0 0 0 0 0 
479 => 8 5 6 0 0 0 0 0 0 0 
480 => 7 6 4 2 0 0 0 0 0 0 
481 => 6 9 3 1 0 0 0 0 0 0 
482 => 7 6 3 3 0 0 0 0 0 0 
483 => 4 7 5 3 0 0 0 0 0 0 
484 => 4 6 6 3 0 0 0 0 0 0 
485 => 6 3 8 2 0 0 0 0 0 0 
486 => 5 5 5 3 1 0 0 0 0 0 
487 => 4 7 5 3 0 0 0 0 0 0 
488 => 5 5 4 4 1 0 0 0 0 0 
489 => 3 5 6 4 1 0 0 0 0 0 
490 => 2 5 8 4 0 0 0 0 0 0 
491 => 5 4 6 4 0 0 0 0 0 0 
492 => 5 6 5 3 0 0 0 0 0 0 
493 => 4 6 7 2 0 0 0 0 0 0 
494 => 4 7 6 2 0 0 0 0 0 0 
495 => 6 5 7 1 0 0 0 0 0 0 
496 => 5 7 5 2 0 0 0 0 0 0 
497 => 4 8 6 1 0 0 0 0 0 0 
498 => 5 6 7 1 0 0 0 0 0 0 
499 => 3 7 8 0 1 0 0 0 0 0 
500 => 3 6 7 2 1 0 0 0 0 0 
501 => 4 6 6 3 0 0 0 0 0 0 
502 => 4 5 6 4 0 0 0 0 0 0 
503 => 6 4 7 1 1 0 0 0 0 0 
504 => 7 5 4 3 0 0 0 0 0 0 
505 => 5 8 3 2 1 0 0 0 0 0 
506 => 7 7 2 2 1 0 0 0 0 0 
507 => 5 8 4 2 0 0 0 0 0 0 
508 => 7 4 4 4 0 0 0 0 0 0 
509 => 7 6 3 3 0 0 0 0 0 0 
510 => 6 5 7 1 0 0 0 0 0 0 
511 => 5 7 6 1 0 0 0 0 0 0 
512 => 6 8 4 1 0 0 0 0 0 0 
513 => 6 7 4 2 0 0 0 0 0 0 
514 => 8 6 4 0 1 0 0 0 0 0 
515 => 6 9 2 2 0 0 0 0 0 0 
516 => 4 9 5 0 1 0 0 0 0 0 
517 => 6 9 3 0 1 0 0 0 0 0 
518 => 6 8 4 1 0 0 0 0 0 0 
519 => 4 8 6 1 0 0 0 0 0 0 
520 => 6 7 4 2 0 0 0 0 0 0 
521 => 8 5 5 1 0 0 0 0 0 0 
522 => 7 6 5 1 0 0 0 0 0 0 
523 => 6 8 4 1 0 0 0 0 0 0 
524 => 7 5 7 0 0 0 0 0 0 0 
525 => 5 6 7 1 0 0 0 0 0 0 
526 => 5 6 5 3 0 0 0 0 0 0 
527 => 7 4 6 2 0 0 0 0 0 0 
528 => 6 6 4 3 0 0 0 0 0 0 
529 => 6 5 7 1 0 0 0 0 0 0 
530 => 9 2 7 1 0 0 0 0 0 0 
531 => 8 5 4 2 0 0 0 0 0 0 
532 => 7 5 7 0 0 0 0 0 0 0 
533 => 8 4 6 1 0 0 0 0 0 0 
534 => 6 5 7 0 1 0 0 0 0 0 
535 => 5 8 3 3 0 0 0 0 0 0 
536 => 6 6 4 3 0 0 0 0 0 0 
537 => 4 6 7 2 0 0 0 0 0 0 
538 => 7 6 5 1 0 0 0 0 0 0 
539 => 8 5 4 2 0 0 0 0 0 0 
540 => 6 8 4 1 0 0 0 0 0 0 
541 => 8 6 2 3 0 0 0 0 0 0 
542 => 6 7 3 2 1 0 0 0 0 0 
543 => 6 5 7 1 0 0 0 0 0 0 
544 => 6 6 5 2 0 0 0 0 0 0 
545 => 5 5 8 0 1 0 0 0 0 0 
546 => 6 6 4 2 1 0 0 0 0 0 
547 => 7 7 1 4 0 0 0 0 0 0 
548 => 7 6 3 2 1 0 0 0 0 0 
549 => 9 5 2 3 0 0 0 0 0 0 
550 => 7 7 3 2 0 0 0 0 0 0 
551 => 7 6 3 3 0 0 0 0 0 0 
552 => 9 4 4 2 0 0 0 0 0 0 
553 => 8 5 4 2 0 0 0 0 0 0 
554 => 7 5 5 2 0 0 0 0 0 0 
555 => 8 6 3 2 0 0 0 0 0 0 
556 => 9 4 3 3 0 0 0 0 0 0 
557 => 11 3 3 2 0 0 0 0 0 0 
558 => 9 6 3 1 0 0 0 0 0 0 
559 => 7 6 5 1 0 0 0 0 0 0 
560 => 9 6 3 1 0 0 0 0 0 0 
561 => 9 5 5 0 0 0 0 0 0 0 
562 => 7 5 7 0 0 0 0 0 0 0 
563 => 8 5 5 1 0 0 0 0 0 0 
564 => 11 2 5 1 0 0 0 0 0 0 
565 => 10 4 4 1 0 0 0 0 0 0 
566 => 9 5 5 0 0 0 0 0 0 0 
567 => 10 3 6 0 0 0 0 0 0 0 
568 => 8 4 6 1 0 0 0 0 0 0 
569 => 5 8 4 1 1 0 0 0 0 0 
570 => 7 7 3 2 0 0 0 0 0 0 
571 => 6 8 4 1 0 0 0 0 0 0 
572 => 7 8 1 3 0 0 0 0 0 0 
573 => 8 5 4 2 0 0 0 0 0 0 
574 => 5 7 5 2 0 0 0 0 0 0 
575 => 7 6 5 1 0 0 0 0 0 0 
576 => 9 5 5 0 0 0 0 0 0 0 
577 => 8 7 4 0 0 0 0 0 0 0 
578 => 6 7 6 0 0 0 0 0 0 0 
579 => 8 7 4 0 0 0 0 0 0 0 
580 => 8 8 2 1 0 0 0 0 0 0 
581 => 6 8 4 1 0 0 0 0 0 0 
582 => 9 6 3 1 0 0 0 0 0 0 
583 => 10 4 4 1 0 0 0 0 0 0 
584 => 8 8 2 1 0 0 0 0 0 0 
585 => 10 5 2 2 0 0 0 0 0 0 
586 => 8 6 2 3 0 0 0 0 0 0 
587 => 7 6 5 1 0 0 0 0 