
/Users/adrien/molecules/benzanthracene.graph_coord
4 2 1 0 0 0 0 0 0 0 0 0 0 0 0 0 0 0 0 0 
4 3 0 0 0 0 0 0 0 0 0 0 0 0 0 0 0 0 0 0 
2 2 2 1 0 0 0 0 0 0 0 0 0 0 0 0 0 0 0 0 
6 1 0 0 0 0 0 0 0 0 0 0 0 0 0 0 0 0 0 0 
244

/Users/adrien/molecules/benzanthracene.graph_coord
4 2 1 0 0 0 0 0 0 0 0 0 0 0 0 0 0 0 0 0 
4 3 0 0 0 0 0 0 0 0 0 0 0 0 0 0 0 0 0 0 
2 2 2 1 0 0 0 0 0 0 0 0 0 0 0 0 0 0 0 0 
6 1 0 0 0 0 0 0 0 0 0 0 0 0 0 0 0 0 0 0 
274

/Users/adrien/molecules/molecules_CP/molecule_22.graph_coord
200 50 0 0 0 0 0 0 0 0 0 0 0 0 0 0 0 0 0 0 
200 50 0 0 0 0 0 0 0 0 0 0 0 0 0 0 0 0 0 0 
50 66 77 48 9 0 0 0 0 0 0 0 0 0 0 0 0 0 0 0 
50 66 77 48 9 0 0 0 0 0 0 0 0 0 0 0 0 0 0 0 
200 50 0 0 0 0 0 0 0 0 0 0 0 0 0 0 0 0 0 0 
50 66 77 48 9 0 0 0 0 0 0 0 0 0 0 0 0 0 0 0 
128 96 24 2 0 0 0 0 0 0 0 0 0 0 0 0 0 0 0 0 
50 66 77 48 9 0 0 0 0 0 0 0 0 0 0 0 0 0 0 0 
200 50 0 0 0 0 0 0 0 0 0 0 0 0 0 0 0 0 0 0 
50 66 77 48 9 0 0 0 0 0 0 0 0 0 0 0 0 0 0 0 
50 66 77 48 9 0 0 0 0 0 0 0 0 0 0 0 0 0 0 0 
200 50 0 0 0 0 0 0 0 0 0 0 0 0 0 0 0 0 0 0 
200 50 0 0 0 0 0 0 0 0 0 0 0 0 0 0 0 0 0 0 
1318

/Users/adrien/molecules/molecules_CP/molecule_22.graph_coord
200 50 0 0 0 0 0 0 0 0 0 0 0 0 0 0 0 0 0 0 
200 50 0 0 0 0 0 0 0 0 0 0 0 0 0 0 0 0 0 0 
50 66 77 48 9 0 0 0 0 0 0 0 0 0 0 0 0 0 0 0 
50 66 77 48 9 0 0 0 0 0 0 0 0 0 0 0 0 0 0 0 
200 50 0 0 0 0 0 0 0 0 0 0 0 0 0 0 0 0 0 0 
50 66 77 48 9 0 0 0 0 0 0 0 0 0 0 0 0 0 0 0 
128 96 24 2 0 0 0 0 0 0 0 0 0 0 0 0 0 0 0 0 
50 66 77 48 9 0 0 0 0 0 0 0 0 0 0 0 0 0 0 0 
200 50 0 0 0 0 0 0 0 0 0 0 0 0 0 0 0 0 0 0 
50 66 77 48 9 0 0 0 0 0 0 0 0 0 0 0 0 0 0 0 
50 66 77 48 9 0 0 0 0 0 0 0 0 0 0 0 0 0 0 0 
200 50 0 0 0 0 0 0 0 0 0 0 0 0 0 0 0 0 0 0 
200 50 0 0 0 0 0 0 0 0 0 0 0 0 0 0 0 0 0 0 
983

/Users/adrien/molecules/molecules_CP/molecule_20.graph_coord
6 3 0 0 0 0 0 0 0 0 0 0 0 0 0 0 0 0 0 0 
6 3 0 0 0 0 0 0 0 0 0 0 0 0 0 0 0 0 0 0 
0 1 0 0 0 0 0 0 0 0 0 0 0 0 0 0 0 0 0 0 
6 3 0 0 0 0 0 0 0 0 0 0 0 0 0 0 0 0 0 0 
6 3 0 0 0 0 0 0 0 0 0 0 0 0 0 0 0 0 0 0 
232

